10 0.000001 0.000000
11 0.000000 0.000001
12 0.000000 0.000000
13 0.000000 0.000000
14 0.000000 0.000000
15 0.000000 0.000000
16 0.000000 0.000000
17 0.000000 0.000000
18 0.000000 0.000000
19 0.000001 0.000000
20 0.000001 0.000001
21 0.000000 0.000000
22 0.000000 0.000000
23 0.000001 0.000001
24 0.000000 0.000000
25 0.000001 0.000000
26 0.000001 0.000001
27 0.000000 0.000000
28 0.000001 0.000001
29 0.000000 0.000000
30 0.000001 0.000001
31 0.000001 0.000001
32 0.000000 0.000000
33 0.000001 0.000001
34 0.000001 0.000001
35 0.000001 0.000000
36 0.000000 0.000000
37 0.000000 0.000000
38 0.000000 0.000000
39 0.000000 0.000001
40 0.000001 0.000001
41 0.000001 0.000001
42 0.000001 0.000001
43 0.000001 0.000001
44 0.000000 0.000001
45 0.000000 0.000000
46 0.000000 0.000000
47 0.000000 0.000000
48 0.000000 0.000000
49 0.000001 0.000001
50 0.000001 0.000001
51 0.000000 0.000000
52 0.000000 0.000000
53 0.000001 0.000001
54 0.000001 0.000001
55 0.000001 0.000001
56 0.000001 0.000001
57 0.000000 0.000000
58 0.000001 0.000001
59 0.000000 0.000000
60 0.000001 0.000001
61 0.000001 0.000001
62 0.000000 0.000000
63 0.000001 0.000001
64 0.000001 0.000001
65 0.000000 0.000001
66 0.000000 0.000000
67 0.000001 0.000000
68 0.000001 0.000001
69 0.000001 0.000001
70 0.000001 0.000001
71 0.000001 0.000001
72 0.000000 0.000001
73 0.000000 0.000001
74 0.000000 0.000001
75 0.000001 0.000001
76 0.000001 0.000001
77 0.000001 0.000001
78 0.000001 0.000000
79 0.000000 0.000001
80 0.000001 0.000001
81 0.000001 0.000001
82 0.000000 0.000001
83 0.000001 0.000001
84 0.000001 0.000000
85 0.000001 0.000000
86 0.000001 0.000001
87 0.000000 0.000001
88 0.000001 0.000001
89 0.000001 0.000001
90 0.000001 0.000001
91 0.000001 0.000000
92 0.000001 0.000001
93 0.000001 0.000001
94 0.000000 0.000001
95 0.000000 0.000001
96 0.000001 0.000001
97 0.000000 0.000001
98 0.000000 0.000001
99 0.000000 0.000001
100 0.000000 0.000001
101 0.000001 0.000001
102 0.000001 0.000001
103 0.000001 0.000001
104 0.000001 0.000000
105 0.000000 0.000001
106 0.000001 0.000001
107 0.000001 0.000001
108 0.000001 0.000001
109 0.000001 0.000001
110 0.000001 0.000000
111 0.000001 0.000001
112 0.000001 0.000001
113 0.000001 0.000001
114 0.000001 0.000001
115 0.000001 0.000001
116 0.000001 0.000001
117 0.000001 0.000001
118 0.000001 0.000001
119 0.000001 0.000001
120 0.000001 0.000001
121 0.000001 0.000001
122 0.000001 0.000001
123 0.000001 0.000001
124 0.000001 0.000001
125 0.000001 0.000001
126 0.000001 0.000001
127 0.000001 0.000001
128 0.000001 0.000001
129 0.000001 0.000001
130 0.000001 0.000001
131 0.000002 0.000001
132 0.000001 0.000001
133 0.000001 0.000002
134 0.000001 0.000001
135 0.000002 0.000001
136 0.000001 0.000001
137 0.000001 0.000001
138 0.000002 0.000001
139 0.000001 0.000001
140 0.000001 0.000001
141 0.000001 0.000002
142 0.000001 0.000001
143 0.000001 0.000002
144 0.000001 0.000001
145 0.000001 0.000001
146 0.000001 0.000002
147 0.000002 0.000001
148 0.000001 0.000001
149 0.000001 0.000001
150 0.000001 0.000001
151 0.000002 0.000001
152 0.000002 0.000001
153 0.000002 0.000001
154 0.000001 0.000001
155 0.000001 0.000001
156 0.000001 0.000001
157 0.000001 0.000001
158 0.000002 0.000001
159 0.000002 0.000001
160 0.000001 0.000002
161 0.000001 0.000002
162 0.000001 0.000001
163 0.000001 0.000001
164 0.000002 0.000001
165 0.000002 0.000001
166 0.000001 0.000001
167 0.000001 0.000001
168 0.000002 0.000002
169 0.000001 0.000001
170 0.000002 0.000001
171 0.000001 0.000001
172 0.000002 0.000002
173 0.000001 0.000001
174 0.000001 0.000002
175 0.000001 0.000001
176 0.000001 0.000001
177 0.000001 0.000001
178 0.000002 0.000002
179 0.000002 0.000001
180 0.000001 0.000001
181 0.000001 0.000001
182 0.000001 0.000002
183 0.000002 0.000002
184 0.000001 0.000001
185 0.000001 0.000001
186 0.000001 0.000001
187 0.000002 0.000002
188 0.000002 0.000002
189 0.000001 0.000002
190 0.000001 0.000001
191 0.000001 0.000001
192 0.000002 0.000002
193 0.000001 0.000001
194 0.000002 0.000002
195 0.000001 0.000001
196 0.000002 0.000002
197 0.000001 0.000002
198 0.000002 0.000002
199 0.000001 0.000001
200 0.000002 0.000002
201 0.000001 0.000001
202 0.000001 0.000001
203 0.000002 0.000002
204 0.000002 0.000002
205 0.000001 0.000001
206 0.000001 0.000001
207 0.000002 0.000002
208 0.000001 0.000001
209 0.000001 0.000001
210 0.000002 0.000002
211 0.000002 0.000002
212 0.000002 0.000002
213 0.000002 0.000001
214 0.000001 0.000001
215 0.000001 0.000001
216 0.000001 0.000001
217 0.000002 0.000002
218 0.000002 0.000002
219 0.000002 0.000001
220 0.000001 0.000001
221 0.000002 0.000002
222 0.000001 0.000001
223 0.000002 0.000002
224 0.000002 0.000002
225 0.000001 0.000002
226 0.000002 0.000001
227 0.000002 0.000002
228 0.000002 0.000001
229 0.000002 0.000002
230 0.000001 0.000001
231 0.000001 0.000001
232 0.000002 0.000001
233 0.000002 0.000002
234 0.000001 0.000002
235 0.000002 0.000001
236 0.000002 0.000001
237 0.000002 0.000001
238 0.000002 0.000001
239 0.000001 0.000002
240 0.000001 0.000002
241 0.000001 0.000002
242 0.000001 0.000002
243 0.000002 0.000002
244 0.000002 0.000002
245 0.000002 0.000001
246 0.000002 0.000002
247 0.000001 0.000002
248 0.000002 0.000001
249 0.000001 0.000002
250 0.000002 0.000002
251 0.000002 0.000001
252 0.000002 0.000002
253 0.000002 0.000001
254 0.000001 0.000002
255 0.000002 0.000001
256 0.000002 0.000002
257 0.000001 0.000002
258 0.000002 0.000001
259 0.000002 0.000002
260 0.000002 0.000002
261 0.000001 0.000002
262 0.000002 0.000002
263 0.000002 0.000002
264 0.000002 0.000002
265 0.000002 0.000001
266 0.000002 0.000002
267 0.000002 0.000002
268 0.000002 0.000002
269 0.000002 0.000002
270 0.000002 0.000002
271 0.000002 0.000002
272 0.000002 0.000002
273 0.000001 0.000002
274 0.000002 0.000002
275 0.000002 0.000002
276 0.000001 0.000002
277 0.000002 0.000002
278 0.000002 0.000002
279 0.000002 0.000002
280 0.000002 0.000002
281 0.000002 0.000002
282 0.000002 0.000003
283 0.000002 0.000002
284 0.000002 0.000002
285 0.000002 0.000002
286 0.000002 0.000002
287 0.000002 0.000002
288 0.000002 0.000002
289 0.000002 0.000002
290 0.000003 0.000002
291 0.000002 0.000002
292 0.000002 0.000002
293 0.000002 0.000002
294 0.000002 0.000002
295 0.000002 0.000002
296 0.000002 0.000002
297 0.000002 0.000002
298 0.000002 0.000002
299 0.000002 0.000002
300 0.000003 0.000002
301 0.000002 0.000002
302 0.000002 0.000002
303 0.000002 0.000002
304 0.000002 0.000002
305 0.000003 0.000002
306 0.000002 0.000002
307 0.000003 0.000002
308 0.000002 0.000003
309 0.000003 0.000002
310 0.000002 0.000002
311 0.000003 0.000002
312 0.000002 0.000003
313 0.000003 0.000002
314 0.000002 0.000002
315 0.000002 0.000002
316 0.000003 0.000003
317 0.000002 0.000002
318 0.000002 0.000002
319 0.000002 0.000002
320 0.000002 0.000003
321 0.000003 0.000002
322 0.000003 0.000002
323 0.000003 0.000002
324 0.000002 0.000002
325 0.000003 0.000003
326 0.000003 0.000002
327 0.000003 0.000002
328 0.000002 0.000002
329 0.000002 0.000002
330 0.000002 0.000002
331 0.000002 0.000002
332 0.000003 0.000003
333 0.000002 0.000003
334 0.000002 0.000002
335 0.000003 0.000002
336 0.000003 0.000003
337 0.000002 0.000002
338 0.000003 0.000003
339 0.000002 0.000002
340 0.000002 0.000002
341 0.000002 0.000002
342 0.000003 0.000003
343 0.000002 0.000002
344 0.000002 0.000002
345 0.000003 0.000002
346 0.000002 0.000002
347 0.000002 0.000002
348 0.000003 0.000003
349 0.000003 0.000002
350 0.000003 0.000003
351 0.000003 0.000003
352 0.000003 0.000003
353 0.000003 0.000003
354 0.000002 0.000002
355 0.000003 0.000003
356 0.000003 0.000003
357 0.000003 0.000003
358 0.000002 0.000002
359 0.000002 0.000002
360 0.000002 0.000002
361 0.000002 0.000002
362 0.000003 0.000003
363 0.000003 0.000003
364 0.000002 0.000002
365 0.000002 0.000002
366 0.000002 0.000002
367 0.000002 0.000003
368 0.000003 0.000003
369 0.000002 0.000003
370 0.000003 0.000002
371 0.000002 0.000003
372 0.000002 0.000002
373 0.000003 0.000003
374 0.000002 0.000002
375 0.000002 0.000002
376 0.000003 0.000003
377 0.000003 0.000003
378 0.000003 0.000003
379 0.000002 0.000003
380 0.000002 0.000003
381 0.000002 0.000002
382 0.000003 0.000002
383 0.000002 0.000002
384 0.000002 0.000002
385 0.000003 0.000003
386 0.000003 0.000003
387 0.000003 0.000002
388 0.000002 0.000003
389 0.000003 0.000003
390 0.000003 0.000003
391 0.000002 0.000003
392 0.000003 0.000003
393 0.000003 0.000002
394 0.000002 0.000003
395 0.000003 0.000003
396 0.000002 0.000003
397 0.000003 0.000003
398 0.000002 0.000003
399 0.000003 0.000003
400 0.000002 0.000003
401 0.000003 0.000002
402 0.000003 0.000003
403 0.000003 0.000003
404 0.000002 0.000003
405 0.000003 0.000002
406 0.000003 0.000002
407 0.000003 0.000003
408 0.000003 0.000002
409 0.000003 0.000003
410 0.000003 0.000003
411 0.000004 0.000004
412 0.000004 0.000003
413 0.000004 0.000004
414 0.000004 0.000004
415 0.000004 0.000004
416 0.000004 0.000003
417 0.000004 0.000004
418 0.000004 0.000004
419 0.000004 0.000004
420 0.000004 0.000004
421 0.000004 0.000004
422 0.000004 0.000004
423 0.000004 0.000004
424 0.000005 0.000004
425 0.000004 0.000004
426 0.000005 0.000004
427 0.000004 0.000004
428 0.000004 0.000004
429 0.000005 0.000005
430 0.000004 0.000003
431 0.000005 0.000005
432 0.000004 0.000004
433 0.000005 0.000005
434 0.000004 0.000004
435 0.000005 0.000005
436 0.000004 0.000004
437 0.000004 0.000004
438 0.000004 0.000004
439 0.000004 0.000004
440 0.000004 0.000004
441 0.000004 0.000004
442 0.000004 0.000004
443 0.000004 0.000004
444 0.000004 0.000004
445 0.000004 0.000004
446 0.000005 0.000005
447 0.000005 0.000004
448 0.000005 0.000004
449 0.000005 0.000004
450 0.000004 0.000004
451 0.000004 0.000004
452 0.000004 0.000005
453 0.000005 0.000004
454 0.000004 0.000004
455 0.000004 0.000004
456 0.000004 0.000005
457 0.000004 0.000004
458 0.000004 0.000004
459 0.000003 0.000003
460 0.000003 0.000004
461 0.000004 0.000003
462 0.000003 0.000003
463 0.000003 0.000003
464 0.000004 0.000003
465 0.000003 0.000003
466 0.000003 0.000003
467 0.000004 0.000003
468 0.000003 0.000003
469 0.000004 0.000003
470 0.000003 0.000003
471 0.000003 0.000003
472 0.000003 0.000004
473 0.000003 0.000003
474 0.000004 0.000003
475 0.000003 0.000003
476 0.000003 0.000003
477 0.000004 0.000003
478 0.000003 0.000004
479 0.000004 0.000003
480 0.000003 0.000004
481 0.000004 0.000003
482 0.000003 0.000004
483 0.000003 0.000003
484 0.000004 0.000003
485 0.000003 0.000003
486 0.000003 0.000003
487 0.000004 0.000003
488 0.000003 0.000003
489 0.000003 0.000004
490 0.000003 0.000004
491 0.000004 0.000003
492 0.000004 0.000004
493 0.000003 0.000003
494 0.000003 0.000003
495 0.000003 0.000003
496 0.000003 0.000003
497 0.000003 0.000003
498 0.000003 0.000003
499 0.000003 0.000003
500 0.000004 0.000003
501 0.000004 0.000004
502 0.000003 0.000004
503 0.000003 0.000004
504 0.000004 0.000004
505 0.000004 0.000004
506 0.000004 0.000003
507 0.000004 0.000004
508 0.000003 0.000003
509 0.000004 0.000004
510 0.000003 0.000003
511 0.000004 0.000004
512 0.000003 0.000003
513 0.000004 0.000004
514 0.000003 0.000004
515 0.000003 0.000003
516 0.000003 0.000003
517 0.000003 0.000003
518 0.000003 0.000003
519 0.000004 0.000004
520 0.000004 0.000004
521 0.000003 0.000004
522 0.000004 0.000004
523 0.000003 0.000003
524 0.000003 0.000003
525 0.000003 0.000003
526 0.000003 0.000003
527 0.000003 0.000003
528 0.000003 0.000004
529 0.000003 0.000003
530 0.000004 0.000004
531 0.000004 0.000004
532 0.000004 0.000003
533 0.000003 0.000004
534 0.000004 0.000004
535 0.000003 0.000004
536 0.000004 0.000004
537 0.000003 0.000003
538 0.000004 0.000004
539 0.000004 0.000003
540 0.000003 0.000004
541 0.000004 0.000003
542 0.000004 0.000004
543 0.000003 0.000003
544 0.000004 0.000004
545 0.000003 0.000003
546 0.000004 0.000004
547 0.000004 0.000004
548 0.000004 0.000004
549 0.000004 0.000004
550 0.000004 0.000004
551 0.000003 0.000004
552 0.000004 0.000004
553 0.000003 0.000004
554 0.000004 0.000004
555 0.000004 0.000004
556 0.000004 0.000004
557 0.000004 0.000004
558 0.000004 0.000003
559 0.000003 0.000003
560 0.000004 0.000004
561 0.000004 0.000003
562 0.000004 0.000003
563 0.000004 0.000004
564 0.000004 0.000003
565 0.000003 0.000004
566 0.000004 0.000004
567 0.000004 0.000004
568 0.000004 0.000004
569 0.000004 0.000004
570 0.000003 0.000004
571 0.000004 0.000004
572 0.000003 0.000004
573 0.000005 0.000004
574 0.000003 0.000004
575 0.000003 0.000004
576 0.000004 0.000004
577 0.000004 0.000003
578 0.000004 0.000003
579 0.000004 0.000004
580 0.000004 0.000004
581 0.000004 0.000004
582 0.000004 0.000004
583 0.000003 0.000004
584 0.000005 0.000004
585 0.000004 0.000004
586 0.000004 0.000004
587 0.000003 0.000004
588 0.000003 0.000004
589 0.000004 0.000004
590 0.000004 0.000004
591 0.000004 0.000003
592 0.000004 0.000004
593 0.000004 0.000004
594 0.000004 0.000004
595 0.000004 0.000004
596 0.000004 0.000003
597 0.000004 0.000004
598 0.000004 0.000004
599 0.000004 0.000004
600 0.000004 0.000004
601 0.000004 0.000004
602 0.000004 0.000004
603 0.000004 0.000004
604 0.000004 0.000004
605 0.000004 0.000004
606 0.000004 0.000004
607 0.000004 0.000004
608 0.000004 0.000004
609 0.000004 0.000004
610 0.000004 0.000004
611 0.000004 0.000004
612 0.000004 0.000004
613 0.000004 0.000005
614 0.000004 0.000004
615 0.000004 0.000004
616 0.000004 0.000004
617 0.000004 0.000004
618 0.000004 0.000004
619 0.000004 0.000004
620 0.000004 0.000004
621 0.000005 0.000004
622 0.000004 0.000004
623 0.000004 0.000004
624 0.000004 0.000005
625 0.000005 0.000004
626 0.000004 0.000005
627 0.000004 0.000004
628 0.000004 0.000004
629 0.000005 0.000004
630 0.000004 0.000004
631 0.000004 0.000004
632 0.000004 0.000004
633 0.000004 0.000004
634 0.000005 0.000004
635 0.000005 0.000004
636 0.000005 0.000004
637 0.000004 0.000004
638 0.000005 0.000004
639 0.000004 0.000005
640 0.000004 0.000004
641 0.000004 0.000004
642 0.000004 0.000005
643 0.000004 0.000005
644 0.000004 0.000004
645 0.000004 0.000004
646 0.000004 0.000004
647 0.000004 0.000005
648 0.000004 0.000005
649 0.000004 0.000004
650 0.000004 0.000004
651 0.000004 0.000004
652 0.000004 0.000004
653 0.000004 0.000004
654 0.000005 0.000005
655 0.000004 0.000004
656 0.000005 0.000004
657 0.000004 0.000004
658 0.000004 0.000004
659 0.000004 0.000004
660 0.000005 0.000005
661 0.000005 0.000005
662 0.000004 0.000004
663 0.000004 0.000004
664 0.000004 0.000004
665 0.000004 0.000004
666 0.000004 0.000004
667 0.000005 0.000004
668 0.000004 0.000004
669 0.000004 0.000004
670 0.000005 0.000005
671 0.000005 0.000005
672 0.000005 0.000004
673 0.000004 0.000005
674 0.000004 0.000004
675 0.000004 0.000004
676 0.000005 0.000004
677 0.000005 0.000005
678 0.000004 0.000004
679 0.000005 0.000005
680 0.000005 0.000004
681 0.000005 0.000005
682 0.000005 0.000005
683 0.000005 0.000005
684 0.000004 0.000004
685 0.000005 0.000005
686 0.000004 0.000004
687 0.000004 0.000005
688 0.000005 0.000005
689 0.000005 0.000004
690 0.000004 0.000004
691 0.000005 0.000005
692 0.000004 0.000004
693 0.000004 0.000004
694 0.000004 0.000005
695 0.000004 0.000004
696 0.000005 0.000005
697 0.000005 0.000004
698 0.000005 0.000005
699 0.000005 0.000004
700 0.000004 0.000004
701 0.000004 0.000004
702 0.000004 0.000004
703 0.000004 0.000005
704 0.000004 0.000005
705 0.000005 0.000005
706 0.000005 0.000004
707 0.000005 0.000005
708 0.000005 0.000005
709 0.000004 0.000005
710 0.000005 0.000004
711 0.000004 0.000005
712 0.000005 0.000005
713 0.000005 0.000005
714 0.000005 0.000005
715 0.000005 0.000005
716 0.000004 0.000005
717 0.000005 0.000005
718 0.000004 0.000005
719 0.000005 0.000005
720 0.000005 0.000005
721 0.000005 0.000004
722 0.000005 0.000004
723 0.000004 0.000005
724 0.000005 0.000004
725 0.000005 0.000004
726 0.000004 0.000005
727 0.000005 0.000005
728 0.000004 0.000005
729 0.000005 0.000005
730 0.000005 0.000004
731 0.000005 0.000004
732 0.000004 0.000005
733 0.000005 0.000005
734 0.000004 0.000005
735 0.000005 0.000005
736 0.000005 0.000005
737 0.000005 0.000005
738 0.000005 0.000005
739 0.000005 0.000005
740 0.000005 0.000005
741 0.000005 0.000005
742 0.000005 0.000005
743 0.000005 0.000005
744 0.000004 0.000005
745 0.000005 0.000005
746 0.000005 0.000005
747 0.000005 0.000005
748 0.000005 0.000005
749 0.000005 0.000005
750 0.000005 0.000005
751 0.000005 0.000005
752 0.000005 0.000004
753 0.000005 0.000005
754 0.000005 0.000005
755 0.000005 0.000005
756 0.000005 0.000005
757 0.000005 0.000005
758 0.000005 0.000005
759 0.000005 0.000005
760 0.000005 0.000005
761 0.000005 0.000005
762 0.000005 0.000005
763 0.000005 0.000005
764 0.000005 0.000005
765 0.000005 0.000005
766 0.000005 0.000005
767 0.000005 0.000005
768 0.000005 0.000005
769 0.000005 0.000005
770 0.000005 0.000005
771 0.000005 0.000005
772 0.000005 0.000005
773 0.000005 0.000005
774 0.000005 0.000005
775 0.000005 0.000005
776 0.000005 0.000005
777 0.000005 0.000005
778 0.000005 0.000005
779 0.000005 0.000005
780 0.000005 0.000005
781 0.000005 0.000005
782 0.000005 0.000005
783 0.000005 0.000006
784 0.000005 0.000005
785 0.000006 0.000005
786 0.000005 0.000005
787 0.000005 0.000005
788 0.000005 0.000006
789 0.000005 0.000005
790 0.000006 0.000005
791 0.000006 0.000005
792 0.000005 0.000005
793 0.000005 0.000005
794 0.000006 0.000005
795 0.000005 0.000006
796 0.000005 0.000005
797 0.000005 0.000006
798 0.000006 0.000005
799 0.000006 0.000005
800 0.000005 0.000006
801 0.000006 0.000005
802 0.000005 0.000006
803 0.000006 0.000005
804 0.000005 0.000005
805 0.000005 0.000005
806 0.000005 0.000005
807 0.000005 0.000005
808 0.000005 0.000005
809 0.000005 0.000006
810 0.000006 0.000006
811 0.000005 0.000006
812 0.000005 0.000005
813 0.000005 0.000005
814 0.000005 0.000005
815 0.000006 0.000005
816 0.000006 0.000006
817 0.000005 0.000005
818 0.000006 0.000006
819 0.000006 0.000005
820 0.000005 0.000006
821 0.000005 0.000005
822 0.000005 0.000005
823 0.000005 0.000005
824 0.000006 0.000005
825 0.000005 0.000005
826 0.000006 0.000006
827 0.000006 0.000006
828 0.000006 0.000006
829 0.000005 0.000005
830 0.000006 0.000006
831 0.000006 0.000006
832 0.000006 0.000006
833 0.000006 0.000006
834 0.000005 0.000006
835 0.000005 0.000005
836 0.000006 0.000006
837 0.000005 0.000006
838 0.000005 0.000006
839 0.000006 0.000006
840 0.000005 0.000007
841 0.000005 0.000005
842 0.000006 0.000006
843 0.000007 0.000006
844 0.000006 0.000005
845 0.000006 0.000006
846 0.000006 0.000006
847 0.000006 0.000006
848 0.000006 0.000007
849 0.000007 0.000006
850 0.000007 0.000006
851 0.000006 0.000006
852 0.000006 0.000006
853 0.000007 0.000007
854 0.000007 0.000006
855 0.000006 0.000006
856 0.000006 0.000005
857 0.000005 0.000006
858 0.000006 0.000006
859 0.000006 0.000006
860 0.000007 0.000005
861 0.000006 0.000006
862 0.000006 0.000006
863 0.000006 0.000006
864 0.000006 0.000005
865 0.000005 0.000006
866 0.000005 0.000006
867 0.000006 0.000006
868 0.000005 0.000006
869 0.000005 0.000006
870 0.000006 0.000006
871 0.000006 0.000005
872 0.000006 0.000006
873 0.000006 0.000005
874 0.000006 0.000005
875 0.000006 0.000006
876 0.000006 0.000006
877 0.000005 0.000006
878 0.000006 0.000005
879 0.000006 0.000006
880 0.000005 0.000006
881 0.000005 0.000006
882 0.000006 0.000006
883 0.000006 0.000005
884 0.000006 0.000006
885 0.000006 0.000006
886 0.000006 0.000006
887 0.000006 0.000006
888 0.000006 0.000006
889 0.000006 0.000006
890 0.000006 0.000006
891 0.000006 0.000006
892 0.000006 0.000005
893 0.000006 0.000005
894 0.000006 0.000005
895 0.000006 0.000005
896 0.000006 0.000006
897 0.000006 0.000006
898 0.000006 0.000006
899 0.000006 0.000006
900 0.000006 0.000006
901 0.000006 0.000006
902 0.000006 0.000006
903 0.000006 0.000006
904 0.000006 0.000005
905 0.000006 0.000006
906 0.000006 0.000005
907 0.000006 0.000006
908 0.000006 0.000006
909 0.000006 0.000006
910 0.000006 0.000006
911 0.000005 0.000006
912 0.000006 0.000006
913 0.000006 0.000006
914 0.000006 0.000006
915 0.000006 0.000006
916 0.000006 0.000006
917 0.000006 0.000006
918 0.000006 0.000006
919 0.000006 0.000006
920 0.000006 0.000005
921 0.000006 0.000006
922 0.000006 0.000006
923 0.000006 0.000006
924 0.000006 0.000006
925 0.000007 0.000006
926 0.000006 0.000006
927 0.000006 0.000006
928 0.000006 0.000006
929 0.000007 0.000006
930 0.000006 0.000006
931 0.000006 0.000006
932 0.000006 0.000006
933 0.000006 0.000006
934 0.000006 0.000006
935 0.000006 0.000006
936 0.000007 0.000006
937 0.000007 0.000006
938 0.000006 0.000007
939 0.000006 0.000007
940 0.000006 0.000007
941 0.000006 0.000006
942 0.000006 0.000006
943 0.000006 0.000006
944 0.000007 0.000006
945 0.000008 0.000006
946 0.000006 0.000007
947 0.000006 0.000007
948 0.000006 0.000006
949 0.000006 0.000006
950 0.000006 0.000007
951 0.000006 0.000006
952 0.000006 0.000006
953 0.000007 0.000007
954 0.000006 0.000006
955 0.000006 0.000007
956 0.000006 0.000006
957 0.000006 0.000006
958 0.000006 0.000006
959 0.000006 0.000006
960 0.000006 0.000006
961 0.000006 0.000007
962 0.000006 0.000007
963 0.000007 0.000006
964 0.000006 0.000007
965 0.000007 0.000006
966 0.000009 0.000010
967 0.000012 0.000010
968 0.000009 0.000008
969 0.000009 0.000009
970 0.000009 0.000006
971 0.000006 0.000007
972 0.000006 0.000006
973 0.000007 0.000006
974 0.000006 0.000006
975 0.000007 0.000006
976 0.000006 0.000007
977 0.000006 0.000006
978 0.000006 0.000007
979 0.000007 0.000007
980 0.000006 0.000007
981 0.000007 0.000007
982 0.000007 0.000007
983 0.000006 0.000006
984 0.000006 0.000006
985 0.000006 0.000006
986 0.000006 0.000006
987 0.000007 0.000007
988 0.000007 0.000007
989 0.000006 0.000006
990 0.000006 0.000006
991 0.000007 0.000007
992 0.000006 0.000006
993 0.000006 0.000006
994 0.000007 0.000006
995 0.000007 0.000007
996 0.000007 0.000007
997 0.000007 0.000006
998 0.000007 0.000007
999 0.000007 0.000007
